1006.15424,-1612.9613
1007.72,-1640.3346
1008.38336,-1570.1829
1012.97833,-1655.6562
1013.9313,-1611.5126
1016.8602,-1596.9948
1017.6084,-1643.785
1018.128,-1601.9082
1019.28436,-1634.0833
1019.9548,-1563.7719
1020.18616,-1607.5603
1020.19977,-356.15173
1020.3805,-355.82635
1021.68774,-1574.6941
1023.62354,-346.8742
1024.876,-352.75525
1025.9987,-1645.8064
1026.332,-1621.5361
1027.4319,-1610.5455
1027.4749,-349.8164
1029.4751,-1611.8016
1029.8304,-1623.7137
1030.0829,-354.9686
1031.1632,-352.422
1032.8125,-1611.3767
1033.145,-346.33145
1033.7603,-354.6013
1037.3484,-1593.2502
1039.4154,-1646.6914
1040.5349,-1604.0714
1041.3853,-1617.2002
1043.0577,-1575.7402
1043.1111,-351.10248
1044.0585,-337.7953
1044.2368,-1571.182
1044.6119,-1558.8357
1044.668,-350.89304
1045.0135,-1577.5392
1048.0819,-305.14444
1049.1278,-1637.7579
1049.4536,-1646.0686
1049.4623,-1622.293
1049.8912,-1554.6619
1049.989,-330.7039
1051.503,-1623.6339
1053.3289,-1635.0719
1056.2379,-1613.5424
1056.287,-318.69305
1056.4062,-318.35498
1057.8339,-1591.8022
1060.0625,-361.5864
1062.5677,-361.44662
1062.8287,-1648.2272
1063.3094,-1580.674
1063.5055,-346.14148
1064.3115,-334.6434
1064.504,-337.24515
1065.2794,-322.91266
1065.7799,-348.2932
1066.4076,-1649.6736
1066.7844,-347.44174
1066.8773,-342.6865
1066.9008,-344.69635
1067.2772,-366.96088
1067.3744,-1632.3708
1067.4281,-318.5704
1068.4086,-1614.8198
1068.4163,-1613.5481
1068.5602,-319.71405
1070.1284,-1592.0809
1070.1593,-1603.5471
1070.6472,-1586.4559
1073.6741,-352.98215
1074.8027,-1598.5771
1075.1122,-1595.5208
1075.5333,-337.56046
1077.1794,-1645.2736
1077.585,-335.60114
1078.8839,-338.65903
1078.9321,-1622.8607
1078.9482,-375.4515
1080.0735,-1636.2013
1080.5387,-355.15237
1080.8887,-1634.8322
1081.3201,-338.8511
1081.7075,-376.09677
1081.8008,-350.74368
1082.2607,-336.16498
1082.7025,-315.72827
1082.8058,-1645.1415
1083.3029,-349.10925
1083.4076,-386.0787
1083.7872,-341.97018
1084.0364,-345.38483
1084.3591,-355.20325
1084.4954,-313.57614
1085.1177,-313.4611
1085.5247,-361.52582
1085.6814,-1645.5713
1086.2081,-1638.5398
1086.5212,-1580.2013
1086.5366,-1593.3657
1086.544,-378.20892
1086.7192,-361.95016
1088.6614,-380.54285
1089.4357,-1619.8116
1089.4403,-1559.8116
1089.4901,-366.6966
1090.7202,-1640.6931
1091.6877,-1600.258
1091.7635,-1598.8802
1092.5671,-387.79968
1093.7314,-1582.5674
1093.8274,-386.8569
1094.5829,-312.32355
1097.128,-391.73257
1097.6066,-1587.5815
1098.4137,-368.3711
1098.6086,-363.3696
1099.2722,-1559.4065
1100.0773,-1618.0087
1100.3427,-383.4902
1100.5254,-1609.5017
1102.2863,-339.72543
1102.4631,-1590.9963
1103.0295,-337.63406
1104.1212,-377.53308
1104.1399,-1638.5298
1105.8555,-340.24295
1106.9331,-369.91058
1107.3246,-1627.3041
1107.7896,-344.3913
1107.9464,-360.29962
1107.9731,-342.3173
1108.0356,-366.29608
1108.1285,-328.74667
1108.3541,-337.6284
1108.9514,-1619.0698
1109.4984,-327.05106
1110.0284,-1577.812
1110.738,-374.70108
1110.8165,-364.293
1111.1235,-360.04337
1111.6755,-1551.2117
1112.0203,-1557.9473
1112.0735,-1582.1609
1112.1516,-1576.372
1112.8885,-352.71368
1113.8898,-345.5996
1113.9877,-333.13495
1115.4344,-1614.3977
1115.8251,-381.17368
1116.878,-369.3794
1116.9525,-347.05817
1117.1642,-354.92856
1117.994,-1632.6313
1118.79,-335.15527
1119.8281,-1562.9739
1119.8878,-1619.7404
1121.2992,-362.10614
1122.3464,-350.5006
1123.35,-1585.7777
1123.4402,-1590.1483
1123.4604,-1581.8359
1123.741,-348.15503
1124.5409,-1620.6097
1126.5852,-1568.987
1126.9448,-372.4402
1129.4886,-1564.0941
1129.6696,-365.86533
1130.137,-353.09085
1130.5973,-1617.7828
1130.7487,-355.47888
1131.2177,-334.2706
1131.4023,-390.7916
1131.8019,-349.89417
1132.181,-341.45984
1132.3619,-380.69067
1132.6438,-1610.8463
1132.6735,-1625.3535
1132.7339,-335.00113
1133.9126,-1555.9176
1136.5869,-337.0406
1137.0164,-1585.9271
1137.3855,-1562.8031
1137.521,-1559.06
1137.611,-1607.6969
1137.9941,-388.4959
1138.4133,-407.432
1139.8502,-1559.9985
1140.0913,-399.39062
1140.1013,-369.79318
1140.7797,-1634.5022
1141.9744,-1631.4698
1142.3087,-344.03558
1142.6373,-334.9804
1143.0814,-376.9971
1143.6064,-1589.6958
1144.909,-362.92993
1145.0315,-1602.5669
1145.1992,-396.79938
1145.6685,-1566.5193
1146.9998,-384.28595
1147.7793,-385.5259
1149.0951,-335.83334
1149.6926,-1581.8776
1149.9211,-354.25592
1150.2784,-1609.5027
1150.4031,-365.91888
1150.5482,-1561.7726
1150.6288,-408.15665
1150.7172,-333.28998
1151.4938,-1633.1367
1151.7821,-1579.3901
1152.228,-1564.5842
1152.5072,-1589.7491
1152.7683,-385.71292
1152.8856,-369.603
1153.4762,-1555.9395
1154.371,-1587.0017
1154.6763,-1619.6598
1155.3435,-373.25815
1155.5591,-1583.2847
1156.0875,-1613.8588
1156.1881,-1557.954
1156.8192,-1624.3798
1157.0317,-1580.8582
1159.2356,-362.64612
1160.2048,-1622.2069
1160.3076,-1614.8716
1160.6841,-361.64233
1161.5404,-396.67822
1161.6747,-342.35068
1162.2983,-341.32034
1164.3483,-1632.7892
1164.3784,-1628.7334
1164.7478,-417.61456
1164.9166,-1613.019
1165.2631,-1597.9044
1165.7177,-414.81036
1165.921,-384.42392
1166.2225,-1614.4785
1166.6951,-1632.4174
1167.4272,-407.24557
1167.6378,-1614.1714
1167.7285,-1598.6525
1168.5505,-401.72443
1169.1716,-1615.832
1169.1781,-403.8494
1170.1456,-368.5117
1170.1677,-360.96277
1170.7526,-1635.7484
1171.4153,-1585.9935
1171.825,-390.88995
1172.3611,-1642.8757
1172.7765,-380.12775
1173.0997,-1594.4305
1173.1494,-400.88962
1173.3389,-419.33118
1173.5084,-1590.0508
1173.5715,-1601.709
1173.9661,-410.1775
1174.3232,-1635.2892
1174.533,-393.3549
1177.8531,-349.23776
1178.0219,-348.08176
1180.6731,-415.39536
1183.2516,-371.94662
1183.2858,-1641.8807
1183.7299,-372.29086
1184.0612,-1596.1322
1184.3168,-399.95813
1185.2086,-387.67383
1185.4933,-1589.6461
1185.5336,-335.57513
1185.8231,-383.98996
1185.8561,-1592.7155
1189.6836,-395.5323
1190.9684,-1600.8589
1191.3184,-1583.4185
1191.7001,-382.28162
1192.9329,-350.3778
1193.3063,-1567.195
1194.1987,-379.57678
1194.2174,-352.23303
1194.7383,-1620.4233
1195.1962,-1582.4495
1195.4628,-1604.2606
1195.9421,-1615.713
1196.244,-1635.5381
1196.3933,-334.8273
1196.4025,-1583.5576
1196.4252,-334.76953
1196.5208,-395.14267
1199.7435,-387.92673
1200.0297,-1576.8838
1200.2352,-376.06226
1200.3663,-1605.9481
1200.4131,-389.3113
1200.5532,-1638.2161
1200.9866,-386.77774
1201.6448,-1610.1881
1201.9114,-326.18378
1202.2424,-1589.1405
1202.5238,-1567.7473
1203.8367,-359.20276
1203.8561,-359.26352
1205.1843,-1581.5049
1205.3152,-343.13812
1205.3412,-343.0772
1206.5161,-334.3905
1206.6062,-1588.9937
1207.2598,-380.97836
1207.2689,-379.65668
1207.5952,-1584.772
1208.3318,-404.8649
1208.5741,-392.39456
1209.1498,-362.2549
1209.3807,-340.566
1209.6912,-1586.0475
1210.2194,-1640.4508
1210.352,-397.58752
1210.7963,-1629.0281
1211.4886,-396.95816
1211.735,-1653.7826
1212.5848,-408.64166
1212.7646,-1584.275
1213.5249,-390.34793
1213.756,-328.344
1214.0306,-1583.7826
1214.4061,-407.6001
1214.811,-394.0924
1216.1663,-406.90417
1216.1786,-1614.3148
1216.5189,-1623.4012
1218.115,-383.05273
1218.1844,-406.57462
1218.4014,-394.63968
1219.8945,-1625.8828
1220.467,-397.85513
1220.967,-360.98956
1221.6401,-1625.8629
1222.0364,-341.5026
1222.2255,-401.55295
1223.0402,-398.58377
1224.0209,-1643.0453
1224.1764,-365.8315
1224.5118,-410.52026
1225.0436,-416.1712
1225.0989,-334.0494
1225.4742,-1644.7231
1226.2822,-1652.635
1227.0664,-1666.2545
1227.4478,-409.14606
1227.4805,-1608.6411
1227.995,-410.17258
1228.0061,-419.1794
1229.3861,-413.00598
1230.0312,-348.45123
1231.3602,-360.15244
1232.0083,-404.86307
1233.0095,-404.61575
1233.5122,-1658.7133
1234.3964,-1627.6069
1234.6487,-366.73828
1235.2972,-1618.8954
1235.4296,-1638.7463
1237.2477,-367.4817
1237.2991,-1628.9792
1237.4896,-367.69693
1237.7655,-398.49542
1238.2969,-1673.9589
1238.3464,-1619.3098
1238.4506,-1614.5913
1239.1108,-339.68225
1239.2352,-1587.8418
1239.8127,-385.76764
1240.2537,-384.4609
1240.4302,-378.07025
1240.788,-1654.4099
1241.4374,-393.12216
1242.0505,-378.26276
1242.5085,-1620.0681
1242.5798,-398.15863
1244.8103,-1610.3387
1245.2544,-323.9641
1248.2023,-1611.7743
1248.955,-1608.7332
1249.749,-1656.6653
1249.8749,-1599.8987
1249.9075,-1668.0052
1250.5103,-376.3177
1251.1179,-356.29367
1251.1732,-1607.9854
1251.597,-1651.2762
1253.3198,-1657.6876
1254.0973,-358.4528
1255.4312,-346.00912
1255.4962,-1598.8381
1257.3314,-354.8631
1257.5238,-1647.3806
1258.8805,-1654.1267
1259.1653,-1675.045
1260.1283,-392.52707
1260.2457,-392.4535
1260.7256,-1585.8978
1260.8923,-374.73297
1262.3059,-398.74292
1262.4186,-398.76
1262.7552,-411.6885
1262.9055,-411.5698
1264.344,-384.69183
1266.2784,-1621.1979
1266.6395,-327.59735
1267.2103,-420.01862
1268.8944,-1650.7543
1269.2627,-1634.5206
1269.477,-392.80472
1269.737,-1651.097
1270.2148,-434.19125
1271.5519,-400.5526
1271.576,-1663.7999
1271.946,-1684.9845
1272.5703,-1580.9308
1272.8999,-353.3609
1273.2668,-1601.5625
1273.4164,-419.74234
1274.0364,-406.64395
1275.9694,-428.62216
1276.2914,-1623.7946
1277.3125,-343.6389
1277.8033,-1591.2719
1278.265,-1617.9587
1278.7502,-428.47272
1279.2703,-1626.7585
1279.336,-373.1153
1281.7277,-429.34503
1281.932,-1676.4712
1282.0099,-383.63278
1282.7675,-333.62607
1283.3256,-352.423
1284.0118,-1609.4932
1284.8195,-395.46475
1286.2125,-370.12973
1288.1326,-410.2174
1288.3962,-1596.3641
1289.0209,-1618.9303
1290.2974,-1670.0424
1290.7677,-1629.2748
1291.0552,-409.40945
1291.231,-1662.9296
1291.7559,-1629.3247
1293.7566,-1640.1703
1294.4066,-408.77588
1295.1246,-1642.8652
1295.3643,-412.81805
1295.5457,-1651.1075
1295.5552,-382.0368
1295.8479,-345.93964
1297.1552,-1605.4303
1297.505,-1642.8054
1298.343,-351.2396
1298.5688,-1656.8973
1298.5865,-374.19354
1298.8406,-419.08508
1299.5009,-412.1408
1300.2161,-334.23163
1300.5254,-1613.4177
1300.689,-1648.4664
1303.5128,-1661.4991
1304.1179,-394.53018
1304.8052,-335.38974
1305.223,-1596.2719
1306.2631,-1675.0442
1307.1849,-416.34885
1309.9048,-349.69604
1310.6521,-1645.6967
1310.8477,-1621.0719
1311.2992,-1628.5632
1311.3053,-382.4264
1311.6476,-364.3024
1311.7025,-410.88147
1312.4089,-400.38336
1312.8356,-1653.097
1312.9197,-340.90973
1313.1725,-402.12204
1313.6886,-1618.9727
1314.0549,-346.74045
1316.2571,-365.7904
1317.1022,-413.0117
1318.414,-413.975
1318.6638,-1658.2253
1318.8907,-374.3821
1319.0767,-406.88974
1319.2317,-391.0094
1319.4125,-1629.1326
1321.7155,-370.24762
1322.441,-353.584
1322.6632,-406.14053
1324.3745,-418.83603
1325.8049,-1624.3854
1325.9507,-345.6608
1328.1554,-375.34735
1328.9597,-399.91373
1330.8864,-396.0724
1332.0466,-398.06006
1332.8748,-344.40143
1334.9943,-396.4477
1336.8163,-411.9316
1336.8256,-371.4751
1337.0118,-429.02005
1337.1387,-363.60083
1337.2352,-374.85626
1339.8997,-401.84808
1340.1217,-407.46133
1340.3506,-337.01526
1342.4558,-1617.9178
1343.4452,-420.6942
1345.3307,-424.3192
1345.7648,-386.52124
1346.1841,-352.5404
1348.9799,-379.2817
1350.1561,-413.33594
1350.2529,-420.21515
1351.2366,-409.3228
1353.9053,-361.08545
1356.7614,-378.16095
1359.2451,-353.614
1359.5294,-346.8677
1359.8851,-421.44373
1359.9603,-382.01276
1362.3099,-407.3683
1363.531,-345.1571
1365.3176,-364.34317
1368.7943,-397.73926
1371.0443,-383.513
1371.6172,-362.56866
1372.5977,-390.35233
1376.8193,-424.54318
1379.0795,-413.74515
1379.6188,-406.18683
1379.738,-353.0566
1380.0798,-383.33194
1381.1366,-411.54288
1381.3976,-1607.0288
1381.8837,-360.5857
1382.1235,-371.2298
1382.2992,-362.74835
1382.4816,-405.67984
1384.7429,-409.91452
1385.525,-1630.1626
1386.1117,-1617.4172
1388.3733,-411.25906
1388.5635,-402.09427
1390.3928,-402.2363
1390.5554,-406.1744
1391.1732,-1596.271
1391.7705,-349.05197
1393.6744,-366.49762
1394.7561,-342.28003
1395.3262,-394.30923
1395.6448,-353.83798
1396.6582,-1604.1705
1397.0292,-401.88174
1399.0198,-346.6611
1399.4814,-1590.234
1399.5411,-1614.84
1401.3182,-1625.8622
1402.0508,-321.06378
1402.4631,-360.72745
1402.9844,-412.54138
1404.5564,-371.70175
1405.8184,-373.15524
1406.0465,-1631.0334
1406.2604,-347.48483
1406.6604,-1598.702
1407.2322,-363.2691
1408.7649,-333.00894
1408.7798,-335.95898
1410.8939,-373.29846
1411.5381,-398.33347
1413.5631,-397.13263
1414.0192,-397.45178
1414.3214,-1614.8469
1414.6854,-1635.4303
1415.6948,-1594.8364
1416.718,-310.09344
1417.3342,-1609.6249
1417.4827,-328.9193
1418.1154,-364.86844
1419.1592,-366.71198
1420.8186,-1576.7753
1421.5687,-371.40146
1421.7706,-393.2259
1422.5414,-1597.6315
1422.8066,-381.75024
1422.8712,-328.65216
1424.3339,-1621.5596
1424.3821,-356.0904
1424.7859,-1612.872
1425.4489,-333.3558
1426.1036,-324.7115
1426.4209,-380.2187
1427.0808,-391.80988
1427.2147,-376.4578
1428.8374,-368.4901
1429.1139,-316.02905
1429.3047,-1631.8055
1429.7891,-1581.2659
1431.267,-1571.988
1431.9178,-339.59003
1432.2512,-359.179
1432.4377,-306.0982
1432.6311,-358.5452
1432.7429,-408.7146
1432.8016,-393.53607
1433.6711,-1595.8892
1433.8274,-349.01227
1434.5779,-1605.5564
1434.6515,-391.11453
1435.5524,-1641.6901
1435.7798,-380.36612
1435.8723,-1625.0338
1436.3237,-312.5195
1436.3589,-364.96674
1436.8306,-1621.3337
1437.5627,-348.97266
1437.81,-1631.5828
1442.0839,-389.12958
1442.1819,-318.95172
1442.7844,-1580.0634
1443.008,-1604.5049
1444.3824,-1655.2467
1445.1265,-351.43774
1445.1547,-346.3902
1445.3456,-1634.8918
1445.6818,-310.26678
1445.7622,-326.32996
1446.1539,-402.09564
1447.6089,-395.70633
1447.7661,-1622.515
1449.5435,-314.87717
1450.2208,-330.50452
1450.2375,-1609.3015
1450.9175,-404.04218
1452.1003,-329.16095
1452.1403,-1624.0939
1452.1895,-1621.7126
1454.3129,-1590.1929
1455.8915,-343.6108
1456.8293,-306.94592
1457.7166,-295.25772
1457.8118,-408.47147
1458.1538,-1626.4316
1458.6213,-1612.2106
1458.712,-1658.8756
1460.5654,-406.3747
1460.741,-381.28128
1460.9336,-1614.2922
1461.7252,-396.59195
1463.3558,-372.31662
1464.1552,-295.20053
1464.9192,-337.0399
1466.2325,-1614.4146
1466.239,-327.23953
1467.0927,-384.31882
1468.182,-356.64203
1468.6255,-339.55942
1469.6248,-1660.5162
1469.6997,-1625.7561
1469.8364,-302.87387
1472.584,-387.10678
1473.1958,-340.96417
1474.9227,-387.4653
1474.9789,-1661.5706
1475.0823,-395.52008
1475.7953,-326.5995
1476.2174,-296.88235
1477.4678,-337.81723
1477.6412,-1654.4093
1479.3069,-365.78568
1479.5919,-1596.147
1480.5074,-307.9472
1481.2505,-342.55502
1481.4814,-369.8788
1482.379,-345.81033
1482.6462,-1632.6869
1483.3586,-1610.5868
1483.4819,-397.60803
1483.8348,-293.16888
1484.067,-311.55118
1484.3119,-371.0066
1484.7975,-344.30884
1484.9419,-1580.8392
1485.3336,-1629.7101
1485.5468,-344.80734
1485.7235,-319.2261
1486.7421,-1596.1387
1487.3427,-394.0765
1487.8035,-371.9286
1487.9052,-1601.2822
1487.9846,-1626.3483
1488.055,-1661.8959
1488.5504,-313.07275
1489.2706,-396.9743
1489.3892,-1612.6188
1489.7166,-1631.1794
1489.7189,-306.3984
1490.699,-1629.3342
1491.2274,-373.73965
1491.4326,-367.38303
1492.1549,-1671.2192
1493.1761,-362.94543
1493.2562,-396.99646
1493.26,-343.4092
1493.5415,-1585.9818
1494.7777,-379.94534
1494.9525,-390.7606
1495.0963,-318.5151
1495.1156,-1595.9698
1495.2869,-1673.493
1495.8142,-380.83347
1495.8273,-383.9578
1495.9751,-1645.039
1497.2565,-1663.2783
1497.2756,-402.35635
1499.0485,-1657.2026
1499.5585,-1671.3761
1499.8438,-344.24515
1499.9843,-1620.3257
1500.0535,-1596.8185
1501.7504,-292.94708
1501.9097,-318.38663
1502.1764,-1627.2399
1502.295,-337.38263
1502.7572,-334.15472
1502.9235,-386.65283
1503.2528,-318.50748
1504.6748,-300.6981
1505.2213,-326.03116
1505.713,-1682.4832
1505.986,-294.5354
1506.4202,-1640.5662
1506.4323,-384.76993
1506.5109,-1594.9548
1507.0643,-321.97617
1507.3127,-1647.3184
1508.0201,-1695.3142
1509.1344,-330.16632
1509.1936,-1626.8512
1510.0581,-283.81494
1510.0836,-1592.236
1511.207,-292.01062
1511.4294,-362.0186
1511.9164,-339.7128
1512.3484,-1641.6105
1513.0635,-361.83755
1513.7448,-1646.2402
1514.0555,-343.52652
1514.8575,-1593.8445
1514.9183,-1628.9685
1515.2396,-1614.9243
1515.6102,-277.04703
1515.9789,-1587.824
1516.5721,-288.99545
1517.1443,-1656.9194
1517.5618,-359.174
1517.6682,-388.27844
1519.0477,-384.72098
1519.901,-1682.1226
1520.0645,-318.2225
1520.4425,-365.9227
1521.7704,-299.91977
1522.5067,-348.70557
1522.9031,-305.36432
1522.9319,-1645.881
1523.2195,-1706.6904
1524.2622,-344.81216
1524.7623,-1671.5614
1525.315,-1690.2825
1526.1213,-1709.1061
1526.1808,-1608.0314
1526.5266,-1671.2996
1527.7114,-1623.1661
1527.8998,-367.0909
1528.0876,-1614.8799
1529.2747,-1657.2139
1529.6467,-1647.0507
1530.1969,-309.45828
1530.4711,-366.47702
1530.522,-353.07272
1532.048,-1676.6023
1532.8998,-298.0124
1532.9553,-1627.9753
1533.1213,-317.8309
1533.7123,-375.86
1534.7845,-1666.0492
1535.0902,-1677.7959
1535.1608,-1697.1575
1535.4219,-1671.1582
1535.8811,-338.0644
1535.9817,-315.52567
1536.2941,-1616.3597
1536.3055,-1707.7567
1536.5688,-1655.0309
1537.1072,-1691.9629
1537.2241,-368.91742
1537.5859,-1649.8942
1538.4431,-1703.4978
1539.2726,-1649.2418
1539.3145,-1659.94
1539.4117,-1690.5956
1539.4666,-1644.1248
1539.7655,-1690.1605
1540.2073,-1626.227
1540.5151,-328.4449
1540.7295,-1713.0853
1541.0656,-340.46927
1541.1155,-1623.5756
1542.1975,-289.26102
1542.4406,-332.7809
1542.4915,-1711.4918
1542.9261,-1653.3414
1543.052,-326.6014
1543.1537,-306.21902
1544.1544,-388.1839
1547.0002,-1304.2983
1547.6693,-377.02176
1548.8527,-294.24994
1549.2312,-1707.6201
1549.3958,-316.87857
1549.7007,-1335.7067
1549.8977,-285.06497
1549.91,-1356.9031
1550.0767,-1358.9514
1550.2278,-1308.1271
1550.9712,-1270.9512
1551.1599,-1699.062
1552.7833,-1448.4218
1553.0443,-1303.7867
1553.3021,-305.18622
1553.5377,-390.85422
1553.7097,-1643.1996
1553.8201,-1336.3625
1554.6217,-1696.4478
1555.0477,-1257.5225
1555.1608,-1713.7262
1555.226,-1632.978
1556.2543,-1672.5391
1556.3556,-1313.719
1556.387,-370.4158
1556.608,-1622.1882
1556.8988,-384.6286
1557.3105,-1705.249
1557.414,-1345.6178
1557.6714,-1698.9513
1558.719,-1429.9904
1558.9305,-350.04233
1559.0082,-375.35837
1559.2847,-1643.5796
1559.4454,-1463.8964
1559.8269,-1346.5343
1559.9426,-321.03854
1560.1832,-366.3278
1560.415,-1360.2495
1560.9875,-1443.0117
1561.0072,-1633.933
1561.4392,-1713.8513
1562.1573,-346.2797
1562.3125,-1339.5889
1562.3344,-1683.3975
1562.4309,-358.98407
1562.9744,-1311.1353
1563.1687,-1427.1407
1563.4672,-341.80396
1563.7175,-398.28735
1563.8666,-294.46967
1564.4065,-1271.2075
1565.4432,-1351.9297
1565.4918,-321.3012
1565.5018,-358.57126
1566.1356,-1642.4813
1566.5021,-1619.3615
1566.5496,-366.60974
1567.0518,-1286.0204
1567.5437,-1452.0444
1567.905,-399.6683
1568.3104,-1353.7896
1568.7592,-1456.2281
1569.0409,-345.7438
1569.0675,-1698.3141
1569.2015,-1466.1216
1569.9816,-1688.4249
1570.2523,-373.49063
1570.6309,-1711.5963
1571.29,-1337.4102
1571.4718,-307.32776
1571.6185,-1287.9166
1571.8347,-1312.2029
1572.9263,-370.97397
1573.0173,-1382.3113
1573.9637,-312.86154
1574.013,-1417.2227
1574.4773,-1476.5406
1574.5399,-1629.736
1574.7465,-1452.4183
1574.8534,-1347.8284
1575.2029,-1624.789
1575.3263,-1271.064
1575.3701,-1706.4558
1575.6056,-1329.2693
1575.9275,-1284.417
1576.2324,-1714.8689
1576.98,-1307.0836
1577.2706,-1294.6675
1577.3226,-393.73172
1577.4816,-1684.3439
1577.5431,-1350.9275
1578.0544,-352.50922
1578.1561,-325.67322
1578.1613,-1439.9148
1578.3881,-1628.7869
1578.8116,-1716.9126
1579.1576,-367.62683
1579.1986,-1667.3608
1579.3171,-1260.5109
1579.4735,-1701.4629
1579.4908,-395.99948
1579.976,-1611.9814
1579.9984,-341.2851
1580.022,-1715.915
1580.1208,-1339.6842
1580.2631,-1322.925
1580.4971,-1287.7316
1580.6472,-386.06143
1581.103,-1302.4148
1581.7507,-373.74768
1581.779,-388.51245
1581.9375,-1633.7001
1581.9548,-373.4408
1582.3339,-1628.041
1582.5784,-1688.288
1582.6765,-1667.63
1582.9005,-1451.4954
1582.9628,-1338.9391
1584.319,-351.1466
1584.5676,-1327.3304
1584.878,-1427.3448
1584.9214,-1701.0178
1584.9259,-1637.7812
1585.4551,-370.59656
1585.4735,-305.2711
1585.769,-1365.5465
1586.4458,-1615.9921
1586.7793,-1306.5854
1587.5862,-1466.6208
1588.152,-1355.4714
1588.1547,-1295.7449
1588.1902,-1256.0233
1588.3018,-1377.3511
1588.7388,-1296.8445
1588.9841,-1681.541
1589.1554,-1396.7441
1589.5854,-1318.793
1590.2112,-376.81003
1590.309,-380.00116
1592.5524,-315.391
1592.9774,-1670.4836
1593.1053,-1345.0682
1593.4968,-1272.6346
1593.7462,-1612.606
1594.3678,-1339.8885
1594.6487,-1690.1635
1596.1471,-1313.3074
1596.2106,-1289.7471
1596.4105,-1274.3893
1596.4783,-345.6585
1596.5527,-1242.7953
1596.6848,-354.1922
1597.0044,-371.20844
1597.2074,-1706.4551
1597.2283,-1620.4684
1597.3224,-1302.9849
1597.7523,-330.80984
1598.2328,-1301.4819
1598.4543,-1424.6528
1598.4965,-1607.365
1598.7336,-1403.1779
1599.0531,-1347.672
1599.0935,-374.624
1599.3707,-668.0097
1599.5206,-357.78528
1599.8817,-1237.0454
1599.884,-1640.1267
1600.5851,-1270.0734
1600.9084,-1635.3492
1600.9933,-1307.2349
1601.082,-1661.4016
1601.1953,-1366.1848
1601.3187,-665.813
1601.3479,-1292.5338
1601.3649,-1688.3698
1601.4825,-1623.2474
1601.6047,-1292.4194
1601.9998,-1239.7606
1602.2776,-1646.6852
1602.4972,-1705.491
1602.832,-1585.0659
1603.0394,-1678.9413
1603.384,-1299.0293
1603.457,-674.09033
1603.9525,-1682.6578
1604.1697,-1290.88
1604.2473,-317.56552
1604.4269,-1644.742
1604.9131,-1291.2986
1604.959,-1648.065
1605.0044,-1303.9353
1605.0975,-1411.1226
1605.1062,-1336.9523
1605.2004,-611.7952
1605.5378,-1299.965
1605.91,-706.7746
1606.7205,-1446.1512
1606.7698,-690.98
1606.7831,-1613.0719
1607.1088,-357.30765
1607.2253,-1588.2909
1607.2521,-353.21527
1607.268,-1576.8322
1607.6819,-680.4205
1607.8002,-1643.3073
1608.1735,-698.1501
1608.6097,-1290.463
1608.727,-1321.8767
1609.1184,-1246.7509
1609.6292,-648.26
1609.7339,-689.76074
1609.8212,-340.18817
1610.0419,-1294.5547
1610.0815,-1257.4453
1610.1467,-1305.4197
1610.9094,-1295.3163
1611.0544,-1432.0323
1611.2839,-1267.7716
1611.2941,-1380.6823
1611.3287,-1611.234
1611.4916,-640.5311
1611.6136,-326.45737
1611.622,-1312.7241
1611.7039,-1351.8254
1611.8125,-1675.183
1612.1229,-1704.6001
1612.2104,-688.6583
1612.4207,-381.8883
1612.632,-399.2466
1612.9054,-373.03397
1613.0612,-1577.8422
1613.2972,-1576.0929
1613.3948,-381.511
1613.4207,-386.1596
1613.5057,-390.8921
1613.5645,-1340.5018
1613.7793,-671.00256
1613.8346,-679.07715
1613.8678,-340.61285
1613.9446,-1300.8752
1613.9696,-358.68024
1614.1069,-1672.3711
1614.1531,-1610.3542
1614.1974,-656.4111
1614.3809,-369.77557
1614.4917,-393.1053
1614.4937,-695.56464
1614.6227,-408.1699
1614.743,-1257.9658
1614.9628,-1590.847
1614.9799,-1676.6609
1615.3778,-1419.3329
1615.4712,-1606.6063
1615.6316,-1302.8291
1615.9373,-1298.0916
1616.0651,-1607.4153
1616.3915,-374.39447
1616.4338,-1299.021
1616.5623,-314.13367
1616.7032,-327.4922
1616.7561,-403.81
1616.845,-1232.3724
1617.0645,-1301.9662
1617.5957,-580.8534
1617.7579,-613.5173
1617.9382,-1664.0148
1617.9639,-407.51566
1617.9943,-1320.1908
1618.3011,-382.82233
1618.4248,-419.32898
1618.8944,-433.93933
1618.9258,-640.2617
1619.126,-1396.4165
1619.1984,-1602.6525
1619.236,-522.4214
1619.3898,-328.66006
1619.4705,-1648.8208
1619.642,-721.70886
1619.6932,-1295.3608
1619.7308,-1660.0707
1620.2118,-1644.795
1620.3228,-1373.4336
1620.5018,-368.60086
1620.5259,-595.4389
1620.5963,-1270.0249
1620.7458,-1302.2294
1620.7594,-332.40076
1620.7848,-626.06165
1621.0393,-396.46356
1621.311,-523.13007
1621.5879,-395.2105
1621.7316,-1284.5583
1621.9244,-1468.5066
1622.4092,-605.30396
1622.7297,-513.4184
1622.9973,-721.9648
1623.3036,-1331.4725
1623.311,-650.75165
1623.4427,-1553.3723
1623.6443,-1675.1326
1624.0303,-545.4454
1624.1543,-440.39105
1624.2122,-1456.2379
1624.561,-330.19415
1624.6548,-1273.2668
1624.6685,-1434.0554
1624.7853,-723.1266
1624.835,-358.81717
1624.9742,-512.762
1625.1001,-1603.8698
1625.1095,-1626.5714
1625.2295,-533.85016
1625.4763,-361.22446
1625.7853,-1286.9421
1625.9658,-580.38324
1626.0355,-317.9166
1626.2872,-1580.1636
1626.6821,-730.26263
1627.087,-1236.1925
1627.0907,-1597.2827
1627.3557,-1694.0826
1627.4379,-1276.1934
1627.7173,-525.4484
1627.8187,-519.3785
1627.924,-619.2508
1628.0902,-1588.3839
1628.2397,-1303.4402
1628.2576,-1465.9163
1628.6448,-366.807
1628.6791,-392.26105
1628.8671,-525.6526
1628.9894,-1630.1199
1629.091,-1417.4213
1629.1978,-677.5057
1629.2466,-1597.1954
1629.2588,-634.77954
1629.3535,-716.5766
1629.4337,-557.8468
1629.5973,-1308.1565
1629.6672,-425.69098
1629.7194,-540.6749
1629.876,-526.51953
1630.3169,-443.4092
1630.5972,-1479.6077
1630.8751,-567.4182
1630.9305,-522.77356
1631.0618,-548.29395
1631.0833,-1676.2609
1631.1383,-1642.2671
1631.1388,-1668.0615
1631.158,-1701.3047
1631.2069,-1320.2128
1631.2261,-523.5415
1631.3512,-1399.2357
1631.4648,-1246.4398
1631.6534,-1629.8871
1631.9652,-528.874
1631.9939,-421.6895
1632.0505,-415.96365
1632.1871,-1539.5801
1632.305,-491.2712
1632.4072,-1376.8533
1632.4127,-693.37024
1632.4598,-1602.0933
1632.7625,-1294.4359
1632.7933,-667.55963
1632.8844,-547.3522
1632.9254,-1277.6278
1633.087,-1291.5842
1633.1704,-1685.2787
1633.531,-709.8765
1633.8,-423.151
1634.2028,-1460.5283
1634.531,-661.2688
1634.6436,-430.90994
1634.6848,-1444.9933
1634.7483,-499.0948
1635.1644,-538.87115
1635.2618,-725.7496
1635.3284,-1323.9269
1635.4412,-1663.0741
1635.4551,-539.1378
1635.752,-690.9218
1635.8041,-1629.9698
1635.9131,-694.8516
1636.0818,-522.62396
1636.2458,-627.2747
1636.3722,-393.97827
1636.423,-402.46198
1636.506,-657.9714
1636.5807,-435.93933
1636.6995,-1602.2554
1636.7769,-579.9471
1636.9095,-1270.4004
1637.0272,-1489.6299
1637.0402,-1350.5386
1637.1425,-593.4704
1637.3263,-1559.5137
1637.5563,-325.02774
1637.562,-1332.235
1637.7866,-436.41116
1637.819,-1431.3014
1637.982,-1588.683
1638.1001,-1261.887
1638.3207,-1628.8158
1638.4618,-1584.876
1638.8431,-418.40967
1638.8799,-359.98032
1639.1193,-1283.9489
1639.1417,-1516.6086
1639.4558,-524.39856
1639.5992,-1687.5267
1639.8081,-1584.7129
1639.9104,-1042.9843
1639.9369,-700.64655
1640.0442,-360.76465
1640.0541,-1576.2391
1640.168,-680.3397
1640.4276,-1634.3899
1640.4475,-1336.7362
1640.4834,-1018.97174
1640.4978,-1584.427
1640.5564,-528.9799
1640.6487,-1662.3436
1640.8171,-1408.5157
1640.8912,-722.0125
1641.0774,-1525.537
1641.3108,-483.65576
1641.7125,-1681.2876
1641.841,-1297.2285
1642.34,-1028.9775
1642.4723,-1636.2891
1642.5386,-1440.4158
1642.5425,-631.7554
1642.972,-490.7763
1643.203,-364.53085
1643.2551,-1477.2257
1643.694,-729.5085
1644.0515,-1673.9938
1644.1503,-1450.8464
1644.2607,-557.11633
1644.4137,-439.31052
1644.507,-664.6498
1644.5903,-1418.5914
1644.76,-1378.1813
1644.769,-1327.1671
1644.9573,-1697.8992
1645.0432,-1545.149
1645.1637,-1581.3969
1645.501,-1390.3018
1645.51,-1468.8638
1645.5585,-1263.4255
1645.5763,-555.00696
1645.6672,-485.4518
1645.8132,-496.8267
1645.8379,-357.28964
1645.9612,-334.6616
1645.989,-692.6381
1646.169,-1572.3845
1646.4072,-1250.9877
1646.4341,-627.7646
1646.4503,-542.3248
1646.5385,-1260.9333
1646.5889,-345.85782
1646.7717,-425.2527
1646.8969,-567.7912
1646.9379,-1014.0773
1647.605,-339.25104
1647.7142,-1624.9528
1647.7776,-1341.4136
1647.9741,-1485.049
1647.9917,-610.91223
1648.0203,-498.57062
1648.0924,-582.79626
1648.2947,-1275.3594
1648.3513,-1564.3859
1648.8392,-378.11725
1649.158,-489.38437
1649.8021,-688.99805
1650.015,-533.5495
1650.4735,-1047.1432
1650.6082,-482.8651
1650.6545,-512.79224
1650.7731,-650.2906
1651.0536,-1704.676
1651.0631,-657.3092
1651.2466,-1307.5891
1651.6294,-1570.4031
1651.7098,-1312.6588
1651.9299,-506.78287
1651.9325,-539.7893
1651.9456,-595.73724
1652.4902,-520.9506
1652.6249,-529.13837
1652.7059,-550.24976
1652.8381,-1277.4806
1652.97,-550.83856
1652.9852,-1322.4216
1653.0603,-601.94745
1653.4252,-732.0038
1653.6785,-615.86804
1653.6947,-741.01227
1653.9491,-455.03876
1654.1133,-1588.0863
1654.3397,-1036.6349
1654.562,-715.8228
1654.5919,-543.73584
1654.6268,-357.8527
1654.9464,-534.426
1655.0052,-1531.1093
1655.0825,-402.8132
1655.1255,-1627.1794
1655.4757,-720.4868
1655.5328,-667.4001
1655.6497,-1495.2034
1655.671,-572.06714
1655.6846,-1547.7731
1655.6885,-407.59372
1655.9619,-512.1107
1656.2936,-544.76404
1656.4407,-508.35886
1656.5079,-1027.5554
1656.5582,-355.84814
1656.5598,-383.08078
1656.7186,-1493.3071
1656.7418,-1497.0269
1656.7493,-1617.711
1656.8715,-641.5912
1657.0217,-669.85266
1657.2457,-489.68335
1657.2948,-342.88235
1657.3334,-564.9511
1657.5216,-1629.0109
1657.6558,-1565.9161
1657.8495,-692.34515
1657.9429,-1504.3064
1658.0874,-521.2735
1658.1349,-1448.0043
1658.143,-543.22626
1658.4287,-1575.0845
1658.4495,-432.5373
1658.5593,-1504.5933
1658.7029,-512.8331
1658.8112,-1634.7274
1658.8804,-395.9231
1658.9297,-530.19635
1659.0789,-1626.915
1659.4421,-1650.6534
1659.4587,-491.03952
1659.9435,-1688.8545
1660.1788,-1593.5112
1660.202,-1544.3126
1660.4326,-403.1037
1660.5767,-569.51874
1660.5891,-607.4116
1660.6388,-437.32385
1660.7474,-359.4703
1661.1208,-1698.9675
1661.2142,-1304.8102
1661.2153,-446.69888
1661.2861,-538.6139
1661.3029,-1268.905
1661.3042,-1475.4508
1661.3611,-1628.1805
1661.439,-530.8638
1661.4519,-520.7428
1661.4521,-435.94852
1661.5258,-1490.3586
1661.5618,-1580.5175
1661.7546,-1441.5614
1662.3699,-1490.77
1662.5182,-1687.2286
1662.6475,-1658.0687
1662.6832,-440.2586
1662.7069,-1496.6144
1662.7086,-1258.0679
1662.7207,-1504.4744
1662.7308,-1630.7946
1663.2307,-1489.1586
1663.4069,-1693.2366
1663.4403,-1491.0782
1663.5299,-541.73486
1663.5312,-639.5363
1663.5775,-497.1679
1663.7524,-389.0352
1663.9819,-434.56763
1664.0613,-405.11172
1664.0685,-520.2991
1664.2983,-524.5968
1664.36,-700.4207
1664.3748,-517.27203
1664.4166,-1442.3652
1664.5626,-434.32285
1664.6484,-388.80408
1664.7062,-360.4341
1664.7192,-550.76935
1664.7556,-339.78314
1664.9269,-753.58734
1665.0237,-401.56128
1665.0295,-542.2615
1665.0541,-1503.3755
1665.284,-917.29034
1665.492,-1594.761
1665.4932,-397.20413
1665.5059,-400.26038
1665.5106,-483.11438
1665.5298,-440.24002
1665.6667,-1251.0414
1665.912,-1530.6969
1666.105,-1071.7705
1666.2863,-745.9384
1666.2881,-1679.7882
1666.3002,-1071.3557
1666.315,-666.699
1666.4414,-537.7794
1666.693,-440.10434
1666.8135,-607.59033
1666.8228,-1495.1205
1666.8737,-1612.8591
1666.937,-400.59686
1667.0461,-549.92206
1667.0673,-357.59842
1667.101,-1045.4153
1667.2117,-982.7321
1667.232,-1062.0986
1667.2467,-970.89813
1667.3269,-1561.1293
1667.5004,-1681.09
1667.6594,-609.2152
1667.7056,-528.54346
1667.7247,-589.32697
1668.2097,-1485.868
1668.4373,-1489.511
1668.6276,-1283.1964
1668.7148,-1493.9961
1668.7172,-1255.7368
1668.7784,-1220.1539
1668.7861,-677.82874
1668.8256,-627.6085
1669.1935,-1435.3136
1669.3278,-539.21094
1669.3635,-389.81046
1669.4735,-455.0857
1669.5828,-1491.321
1669.7549,-1457.2737
1669.8646,-746.6621
1670.1494,-1484.0293
1670.2566,-442.99863
1670.2632,-635.32587
1670.3701,-519.6003
1670.3918,-1486.7986
1670.4323,-548.72485
1670.4666,-1500.0225
1670.4675,-454.81305
1670.5397,-1444.5693
1670.5707,-760.2262
1670.5806,-747.89526
1670.6383,-344.29834
1670.7598,-1237.1113
1670.7842,-1474.4457
1671.1277,-1496.1086
1671.3464,-1578.0762
1671.3594,-693.22864
1671.6179,-1598.557
1671.7482,-1239.8491
1671.8131,-435.85486
1671.8821,-1217.2773
1671.8826,-1611.0007
1671.9993,-1481.2422
1672.0115,-510.6541
1672.1492,-1494.6184
1672.371,-535.0422
1672.4695,-526.4653
1672.5757,-1483.3889
1672.6964,-559.288
1672.7008,-1265.5867
1672.8943,-439.99316
1672.989,-1646.4221
1673.0034,-1604.055
1673.1298,-483.77786
1673.3861,-580.04474
1673.5656,-973.82947
1673.617,-442.3635
1673.7175,-1492.1625
1673.8179,-625.1053
1673.8314,-1486.5283
1673.9481,-1496.601
1674.0403,-481.18872
1674.1608,-1619.8848
1674.2437,-1482.4034
1674.3496,-1488.1587
1674.4078,-1571.3407
1674.4644,-652.8165
1675.1018,-462.11182
1675.3267,-642.6671
1675.4698,-1483.0347
1675.5743,-467.50043
1675.6024,-1632.5718
1675.7181,-667.219
1675.7552,-1666.8873
1675.8146,-564.25415
1675.8424,-1605.4119
1675.907,-444.66312
1675.954,-442.40033
1675.9619,-1691.0343
1676.3091,-958.36316
1676.3096,-1638.3547
1676.3788,-1635.1279
1676.5874,-524.27893
1677.1575,-710.27563
1677.2296,-484.82486
1677.2811,-739.5526
1677.3348,-709.5449
1677.7664,-906.6126
1677.8219,-1622.7819
1677.8353,-652.86334
1677.868,-1564.3873
1678.3456,-1495.2634
1678.4904,-397.9975
1678.4941,-1515.468
1678.8427,-1064.7788
1678.8441,-1064.8058
1678.9442,-455.54367
1679.0984,-1682.5333
1679.3544,-1489.8066
1679.475,-1442.9899
1679.5499,-454.03357
1679.637,-700.0804
1679.858,-598.59125
1679.8693,-442.5275
1679.9945,-478.6364
1680.0803,-395.14227
1680.1162,-515.3516
1680.255,-549.41644
1680.3633,-524.61914
1680.399,-747.46844
1680.5354,-445.43887
1681.1912,-446.11362
1681.2367,-678.2494
1681.5249,-612.345
1681.7435,-555.15955
1681.8782,-615.7992
1682.1648,-418.81317
1682.351,-1609.945
1682.3652,-1638.6428
1682.5265,-1491.4332
1682.6683,-461.23782
1682.7332,-475.70206
1682.9705,-734.6318
1682.9808,-501.48337
1683.0469,-1598.6434
1683.186,-1697.5784
1683.4467,-1688.3756
1683.4547,-1452.7905
1683.5231,-1079.3894
1683.936,-931.9352
1684.0817,-355.79745
1684.1074,-988.93134
1684.1257,-511.55002
1684.2303,-1554.8362
1684.3242,-478.71057
1684.3901,-1616.4769
1684.4314,-536.03424
1684.4817,-622.66626
1684.5884,-966.1597
1684.7267,-754.93463
1684.7855,-1498.2189
1684.9688,-1070.7218
1684.9705,-1070.7277
1685.1163,-649.00824
1685.2128,-707.5487
1685.4929,-1079.5
1685.5048,-512.359
1685.6969,-1653.8574
1685.841,-916.2329
1685.9913,-1592.753
1686.1179,-1655.007
1686.247,-1603.6624
1686.3643,-1544.9729
1686.4927,-483.9734
1686.5266,-438.5738
1686.5375,-1623.6582
1686.5707,-1647.6078
1686.7559,-707.6985
1686.8956,-394.56613
1687.3971,-1645.0634
1687.4072,-1531.8182
1687.5029,-659.4282
1687.9707,-460.72455
1688.1163,-554.85815
1688.1453,-438.55197
1688.194,-559.0428
1688.1942,-1675.575
1688.2065,-469.9551
1688.4575,-454.0021
1688.6189,-450.62387
1689.1328,-1616.6006
1689.7534,-958.4719
1690.3618,-440.12814
1690.3668,-1085.703
1690.4305,-1581.4763
1690.5105,-1085.876
1690.7167,-548.77155
1690.8564,-692.93115
1690.9844,-897.99854
1691.3481,-536.0528
1691.4785,-1541.554
1691.4813,-501.60568
1691.7765,-1519.7682
1691.9175,-546.832
1691.9557,-615.41003
1692.1023,-1553.8654
1692.2089,-626.3305
1692.2435,-712.1272
1692.2637,-355.15036
1692.2694,-1682.2184
1692.4135,-355.00134
1692.4532,-1661.6885
1692.4937,-729.4127
1692.4972,-470.07294
1692.5544,-495.63483
1692.7079,-1577.8196
1692.851,-705.2809
1693.0289,-435.9822
1693.2041,-592.5998
1693.2043,-993.0558
1693.2745,-636.5418
1693.3156,-483.6207
1693.4257,-718.9605
1693.5437,-436.72748
1693.5475,-495.49118
1693.5779,-499.82928
1693.667,-507.4996
1693.7548,-855.10095
1693.7878,-415.65005
1693.937,-513.7799
1694.0387,-435.8625
1694.1266,-1663.2523
1694.2555,-506.18445
1694.5085,-648.31757
1694.5588,-672.074
1694.638,-633.1545
1694.9447,-485.3175
1695.027,-1564.6099
1695.2273,-712.5114
1695.3706,-1074.3081
1695.3768,-522.4505
1695.3843,-1074.3389
1695.6257,-472.29675
1695.7012,-1681.2198
1695.8253,-916.0534
1695.9563,-499.97644
1695.9974,-1591.5603
1696.1045,-492.44965
1696.1366,-422.9832
1696.4752,-442.34354
1696.4757,-405.90347
1696.5557,-436.9961
1696.5963,-409.96722
1696.9037,-1618.3656
1697.1482,-656.60913
1697.1791,-438.258
1697.5255,-1614.6938
1697.6921,-1010.5304
1698.1267,-1637.8334
1698.182,-703.5287
1698.2549,-1659.452
1698.4822,-541.1071
1698.7136,-390.7835
1699.0204,-475.1612
1699.1572,-627.4751
1699.3269,-718.99744
1699.6646,-1560.1102
1699.7467,-1647.8936
1699.9177,-559.30054
1700.063,-1617.1746
1700.1403,-922.5924
1700.2035,-907.9466
1700.4335,-378.4069
1700.4377,-1635.6503
1700.6383,-410.24716
1700.7552,-1628.268
1700.8857,-941.1818
1700.8895,-554.031
1701.094,-391.97293
1701.0997,-442.46866
1701.128,-501.7145
1701.1838,-1651.6967
1701.5789,-466.5855
1701.6971,-888.15674
1701.969,-1539.507
1702.1628,-619.6639
1702.8273,-469.48288
1702.9293,-385.76004
1702.9617,-542.70953
1703.0581,-1615.3259
1703.339,-670.15717
1703.746,-515.5352
1704.0465,-492.5112
1704.0543,-729.9688
1704.2954,-984.4009
1704.3295,-1086.7845
1704.3342,-1086.7866
1705.154,-1613.8552
1705.3363,-638.60376
1705.3848,-1025.5708
1705.4742,-436.54303
1705.5494,-432.95126
1705.7765,-1607.3602
1705.8594,-458.0372
1706.0421,-441.64188
1706.1959,-1072.3655
1706.2106,-355.34384
1706.3046,-1620.9059
1706.6396,-870.23584
1706.6582,-608.35516
1706.6998,-1553.907
1706.9056,-491.243
1707.0647,-520.3836
1707.2286,-1622.876
1707.2664,-422.98642
1707.3453,-349.21912
1707.3645,-482.7942
1707.4617,-383.54547
1707.5173,-1668.1711
1707.5522,-440.6132
1707.8013,-365.51428
1707.8892,-442.42233
1708.0544,-428.94882
1708.418,-409.27463
1708.4426,-696.5571
1708.4462,-654.20105
1708.4476,-498.01453
1709.0643,-527.7646
1709.105,-449.4389
1709.1146,-696.5457
1709.6678,-896.18317
1709.6698,-451.33926
1709.679,-1623.8251
1709.7521,-697.6532
1710.3221,-692.37225
1710.5962,-1557.7284
1710.6964,-996.7115
1711.4539,-377.65
1711.4778,-1572.2969
1711.7789,-1599.991
1711.8118,-1618.3433
1711.8641,-1560.8723
1712.2217,-396.44052
1712.6564,-693.9848
1712.7612,-474.10083
1712.789,-468.64044
1712.793,-383.09006
1713.2805,-1654.2047
1713.4137,-1610.3362
1713.473,-396.04956
1713.4977,-474.40067
1714.1182,-740.0847
1714.6721,-1628.8158
1714.894,-599.20123
1715.0519,-1669.2484
1715.086,-1085.7866
1716.2485,-652.05475
1716.3146,-1010.8636
1716.6329,-629.64435
1717.0419,-1579.2454
1717.4587,-447.9125
1717.5142,-589.63965
1717.5712,-404.77188
1717.8885,-1657.0994
1717.9557,-393.1143
1718.499,-692.463
1718.5917,-726.1615
1718.7408,-460.952
1718.866,-1062.4933
1719.681,-1601.0969
1721.5323,-1000.3489
1722.7905,-465.5993
1722.8824,-746.1371
1723.6987,-452.48434
1724.1852,-900.6259
1724.3693,-709.5597
1724.9755,-914.56995
1725.0916,-712.72546
1725.2974,-735.69574
1725.5441,-700.4717
1727.0204,-408.68524
1727.0499,-928.65784
1727.3694,-634.7323
1728.5745,-888.13434
1732.3247,-993.6838
1735.5652,-718.9817
1735.6079,-883.57214
1737.0872,-728.90234
1737.8741,-714.53375
1739.1738,-1004.7793
1739.3021,-912.2112
1740.6595,-933.3449
1741.5035,-899.03613
1742.2074,-736.61975
1748.1144,-920.86884
1752.5333,-897.75635
1753.228,-908.9973
1762.9912,-889.02747
270.41156,-1254.2263
276.5591,-1248.7648
276.83273,-1028.2749
277.7567,-1261.7126
278.00024,-1046.5306
279.27145,-1060.4188
280.75635,-1146.9382
281.1856,-1162.3816
282.97635,-1033.1296
283.01276,-1154.0094
283.88513,-1161.3274
284.1167,-1174.3232
284.17856,-1240.9631
284.77667,-1208.9565
285.26486,-1211.0472
285.40326,-1234.8129
285.4709,-1253.8954
285.68475,-1017.8347
286.10306,-1141.3029
286.27844,-1155.3252
287.12317,-1151.0533
287.42715,-1104.6481
287.66757,-1192.9551
287.9214,-1194.6892
288.4078,-1271.278
288.90652,-1274.3984
288.97842,-1130.5602
289.5335,-1235.5804
289.89633,-1057.9423
290.02338,-1118.3048
290.1436,-1209.71
290.75082,-1165.9678
291.12616,-1057.8789
291.20557,-1245.4716
293.77258,-1059.6443
293.77753,-1156.6488
293.93484,-1054.0852
294.15024,-1269.9457
294.28067,-1038.142
295.31894,-1066.4747
296.04703,-1243.5453
297.1528,-1110.5732
297.3808,-1110.3293
297.47678,-1277.0931
297.72876,-1253.6935
298.16666,-1032.3479
298.23633,-1069.7472
298.44012,-1045.0533
298.62796,-1057.8069
298.9388,-1141.1208
299.37387,-1056.6586
300.1866,-1091.8303
300.19095,-1100.8622
300.69547,-1059.7134
301.17633,-1225.4022
301.29953,-1152.3401
301.6852,-1059.3708
301.695,-1222.8992
302.09332,-1008.81116
302.47723,-1053.3158
302.5231,-1226.3192
302.85754,-1185.8452
303.959,-1134.9385
304.02612,-1201.3958
304.07983,-1109.0187
305.40186,-1057.6127
305.46036,-1142.4822
305.593,-1272.6783
305.6048,-1040.2576
305.71533,-1060.5958
306.0596,-1224.984
306.4488,-1082.0503
306.59564,-1049.6271
306.98212,-1239.9087
307.40628,-1217.7281
307.55972,-1058.9982
307.61893,-1037.3811
307.723,-1185.3201
307.8219,-1200.3895
307.8658,-1273.0924
308.24805,-1102.9618
308.50064,-1139.5677
308.60266,-1099.4985
309.4059,-1041.2026
310.01675,-1207.1239
310.86295,-1177.2559
310.889,-1166.4036
310.99857,-1137.1364
311.11108,-1230.6877
311.46695,-1009.0905
311.91022,-1002.92255
312.64658,-1045.0692
312.69534,-1197.9564
312.72018,-1089.5924
312.85623,-1198.0321
313.78067,-1130.9396
313.85458,-993.62036
314.02548,-1046.0518
314.38513,-1097.8555
314.76337,-1097.9517
315.04553,-439.26584
315.27344,-1055.7052
315.57355,-1128.4343
316.01382,-1213.152
316.62213,-411.14005
316.67618,-1210.4128
317.07538,-1443.0676
317.77554,-1118.3551
317.95715,-1242.6388
318.88358,-422.29608
319.10406,-1127.7633
319.54315,-1223.3198
319.58664,-1200.6522
320.2382,-1144.8586
320.29532,-1220.8561
320.3054,-1095.8168
320.5088,-1431.1249
320.67505,-1139.7155
321.15594,-1152.5015
321.51633,-1043.9692
321.70657,-1044.3951
321.92477,-1215.8636
322.107,-1044.7505
322.38165,-1003.10645
322.44067,-1146.7543
322.56204,-413.6845
322.72305,-1116.0784
323.35986,-1056.524
323.70508,-993.67426
324.18768,-1418.0067
324.69318,-1252.1365
324.71924,-1090.6056
325.18756,-981.3445
325.46136,-1059.4255
325.5635,-1096.7743
325.60507,-436.08078
325.90353,-1174.9497
327.24612,-1148.9578
327.54095,-1091.4725
327.55746,-390.78116
327.6133,-1157.673
328.20056,-400.6991
328.28104,-1049.117
328.5258,-1280.074
328.5503,-1018.5772
328.60028,-1051.3684
328.93274,-1470.295
329.09402,-1290.3607
329.30124,-1099.0575
329.94858,-1022.7951
329.97156,-1061.7109
330.04056,-453.21198
330.20114,-1153.7804
330.75568,-1244.6777
330.79352,-1058.5668
330.87308,-1158.3419
330.87424,-1112.4697
331.20694,-1410.4998
331.34647,-991.5103
331.6947,-1240.87
331.76205,-1230.8654
331.91125,-1225.825
331.97464,-1083.4321
332.00717,-1044.0938
332.052,-1392.7206
332.4796,-1161.237
333.04504,-1113.9971
333.10312,-1008.53796
333.33414,-1444.9998
333.5137,-978.1741
333.5176,-1061.4574
333.5378,-1030.7535
333.63016,-1303.3342
333.7972,-976.0983
334.08835,-1222.0023
334.2042,-1085.9797
334.29572,-1115.1444
334.44412,-1057.6971
334.82138,-1109.9275
334.86966,-441.1596
335.1577,-1215.4578
335.1971,-1055.7383
335.50848,-1011.79376
335.8274,-1074.5353
335.92422,-1048.0858
335.94403,-1256.1731
335.95547,-1389.8905
335.96182,-1269.3569
336.00284,-1468.8303
336.1749,-402.43018
336.21042,-1252.2421
336.3707,-1006.92126
336.38287,-1480.587
336.9227,-392.95038
336.9758,-1079.6892
337.3177,-1367.706
337.62387,-1226.35
337.63052,-1298.7219
337.7344,-1229.2013
337.7564,-1428.7216
337.77774,-413.602
337.94876,-1167.6766
337.9668,-1418.9517
338.2345,-1112.4965
338.25003,-1014.5917
338.46338,-1333.0409
338.5804,-962.06445
339.61008,-1084.4803
339.9181,-1135.5564
340.05573,-1105.2943
340.13568,-1373.011
340.1512,-1432.9498
340.34323,-1280.8894
340.61948,-947.1624
340.99896,-1407.8656
341.13855,-1333.3932
341.3016,-382.25534
341.43826,-1237.404
341.72525,-387.8769
341.8838,-949.82117
342.17862,-1406.69
342.21613,-1091.3245
342.2293,-1231.4895
342.35425,-1311.1255
342.46094,-1455.9146
342.48575,-1363.2333
342.60446,-1229.6641
342.64908,-971.6568
342.78845,-1448.2673
343.13107,-404.73462
343.1774,-1373.9225
343.34296,-1192.7545
343.7176,-1353.7749
343.91595,-1169.9261
343.99612,-1041.6754
344.2378,-1251.5309
344.3345,-370.70767
344.5431,-1089.7415
344.59967,-1180.2794
344.74768,-396.10397
344.78848,-394.59976
344.79413,-1092.9873
345.1836,-1310.0111
345.188,-1238.9287
345.37985,-1470.2928
345.5667,-1412.9142
345.75494,-1178.308
345.8299,-1424.338
346.1341,-1181.0662
346.4867,-1248.6309
346.891,-1319.3518
347.13638,-451.76
347.56747,-440.6657
347.78357,-432.67755
347.84048,-1360.5887
347.95,-1474.3616
348.35538,-1276.3524
348.60498,-1079.1388
348.61807,-1234.8461
348.9634,-1350.0598
349.03156,-1132.3882
349.3053,-1150.8296
349.4147,-1009.2342
349.65594,-1106.502
349.74677,-1158.5378
349.83234,-1187.5355
349.9833,-1092.0107
350.44272,-362.07227
350.45514,-1101.9857
350.7416,-453.60477
350.76633,-1004.95
351.0693,-1345.7609
351.07806,-1380.8297
351.29034,-1103.3107
351.4818,-1080.5815
351.50836,-1290.534
351.57117,-387.01593
351.58652,-1146.6364
351.8505,-1044.3053
351.86627,-1043.645
352.25595,-920.7286
352.3194,-1269.314
352.378,-1021.6909
352.61786,-1376.0254
352.6645,-985.75653
352.66913,-1156.705
352.756,-1120.8079
352.75812,-1323.621
353.02975,-1452.1097
353.1244,-1304.6221
353.43854,-369.24826
353.45917,-1377.9727
353.47375,-1251.5156
353.67734,-418.16913
354.14044,-1353.8997
354.70416,-1472.4181
354.89655,-433.51337
355.56653,-1241.1759
355.77667,-1378.9297
355.83902,-1168.1683
355.89362,-1446.7786
356.39548,-968.2245
357.0458,-1273.1674
357.04584,-376.72925
357.09436,-1113.352
357.13007,-1194.8835
357.36935,-1039.3119
357.40732,-1350.5464
357.65482,-1384.2527
358.1852,-1379.4983
358.62024,-418.5769
358.7231,-357.72107
358.9306,-1182.5476
358.9601,-1316.5452
359.05948,-949.7627
359.1015,-1055.8981
359.13184,-938.7383
359.18863,-1109.4523
359.44238,-439.11002
359.58917,-1111.9778
359.7678,-1046.7773
359.891,-916.08234
359.9348,-1465.5197
360.1891,-399.24963
360.47623,-979.59283
360.62534,-998.5658
360.71732,-438.8705
360.72186,-1450.859
360.84946,-1288.0848
360.89648,-1013.6242
360.9669,-462.312
361.00702,-1045.1511
361.231,-419.63605
361.24088,-1187.511
361.25546,-1349.6484
361.4216,-1052.4374
362.3431,-1041.9442
362.74646,-1135.3511
362.8942,-995.49963
363.2178,-1432.3531
363.28232,-1325.8903
363.32022,-386.64496
363.34854,-1296.093
363.51172,-757.056
363.5394,-983.6276
363.5589,-393.34
363.67502,-387.28754
363.83893,-404.94522
363.86908,-1488.8712
363.9122,-1376.5768
364.66818,-1252.7521
364.88324,-402.7066
364.9918,-1003.14636
365.4153,-469.97803
365.4776,-1394.282
365.65552,-902.2371
365.70618,-1202.9518
365.77087,-1394.2246
365.81757,-1506.4434
366.09647,-874.4392
366.2735,-1220.6617
366.29514,-1215.0999
366.61298,-405.74188
366.80692,-402.27902
367.0009,-1315.3253
367.32544,-1352.6309
367.90045,-1006.96545
367.90353,-756.0061
367.95486,-1203.383
368.1057,-1201.4973
368.29437,-792.5774
368.38556,-1002.5305
368.7743,-1387.0096
368.77728,-880.7204
368.9546,-1175.9004
368.9788,-1228.1354
369.03256,-956.7249
369.0353,-773.01917
369.45343,-1258.3529
369.5522,-429.79593
369.55487,-1013.6557
369.56042,-941.0726
369.61444,-1446.7924
369.78284,-1249.2351
369.86996,-806.3728
370.35028,-967.2655
370.87155,-928.71075
371.0474,-1299.7413
371.13336,-1078.9948
371.17865,-1197.4784
371.1811,-1079.5941
371.23395,-1269.9792
371.3518,-1193.2472
371.49854,-1244.2682
371.62283,-955.4251
371.68845,-1501.0905
372.11032,-1279.4689
372.12317,-1190.9427
372.2558,-1072.4246
372.2785,-1071.785
372.28146,-1032.5107
372.74695,-1078.9374
372.9472,-1435.2299
373.12366,-1047.0139
373.19745,-864.0704
373.49835,-1519.1108
373.88162,-458.53192
373.8918,-1477.905
373.9692,-903.01086
374.04587,-1245.9707
374.16855,-1509.9283
374.3747,-429.99338
374.39658,-1343.3501
374.61755,-802.4414
374.90518,-774.3746
374.954,-1305.1947
374.99576,-833.9695
375.004,-938.5989
375.4094,-851.9749
375.46475,-1431.5186
376.17117,-1193.9912
376.1977,-1223.023
376.25,-977.8423
376.49225,-1490.8821
376.6189,-1521.251
376.6587,-868.46155
376.95477,-1362.7948
377.26566,-1377.4117
377.44244,-404.42838
377.51974,-1079.2719
377.67624,-758.9563
377.7218,-471.5954
377.89606,-1181.2979
377.99652,-869.5345
378.0346,-960.25024
378.12872,-1315.9525
378.16357,-1515.877
378.2318,-761.31085
378.24078,-1015.8439
378.35608,-351.4012
378.49243,-1336.4237
378.56644,-778.38745
378.62936,-1070.424
378.67117,-817.23035
378.73566,-1376.6646
378.78503,-439.66318
378.8663,-1288.359
378.98157,-807.70764
379.01068,-1461.7021
379.10727,-1017.2401
379.2732,-776.28595
379.28903,-857.3669
379.53738,-843.5471
379.6412,-969.5622
379.95844,-1437.4458
379.99307,-1473.7802
380.14096,-827.7919
380.6623,-1056.9253
380.76416,-771.20526
380.78,-895.883
380.8474,-1292.7008
380.88422,-1512.7198
381.2734,-501.46255
381.2836,-928.5519
381.38327,-1067.149
381.38696,-1225.2623
381.55856,-436.84534
381.62918,-887.97644
382.01016,-361.7964
382.14905,-741.72705
382.19473,-1009.23425
382.40735,-1195.9811
382.45197,-953.8468
382.52054,-1196.2112
382.65613,-775.07837
382.91736,-864.3365
382.984,-1259.6829
383.1228,-1067.3597
383.18564,-754.0167
383.26443,-1330.8932
383.31424,-932.64
383.55148,-386.96667
383.563,-1081.5609
383.59534,-794.5687
383.60806,-900.39624
384.17682,-373.8208
384.2091,-384.24786
384.3869,-372.19577
384.5831,-390.38904
384.68597,-1422.9038
384.81165,-350.2241
384.87036,-1203.6566
384.95105,-466.47556
385.31482,-1009.92163
385.32922,-439.11346
385.45267,-987.5487
385.50995,-1499.671
385.87585,-489.21838
385.91678,-1293.4645
385.92554,-1013.372
386.118,-750.5342
386.22287,-1245.1116
386.26978,-962.18555
386.29532,-1538.2604
386.3038,-832.11755
386.56238,-1283.7286
386.6269,-1514.0585
387.20697,-907.4599
387.33936,-1334.3136
387.74295,-1004.1574
387.74823,-1456.6611
387.89047,-451.06662
387.92184,-1509.1367
387.93948,-979.4891
388.25443,-1332.0831
388.28955,-1316.4724
388.50735,-461.25113
388.6215,-1303.7859
389.07153,-429.34555
389.08694,-1083.7963
389.11978,-471.6805
389.23294,-459.1118
389.6204,-909.3269
389.67905,-1441.0652
390.01147,-453.21423
390.36682,-362.0474
390.3818,-496.14047
390.55865,-745.6554
390.72067,-731.8086
390.72974,-1415.9436
391.14474,-441.5605
391.21732,-922.7276
391.36627,-1429.4254
391.39267,-384.78754
391.5142,-589.3908
391.6648,-427.76968
391.9552,-412.35086
391.98447,-870.4176
392.03342,-1211.614
392.0661,-1369.2725
392.09888,-1212.308
392.16736,-1214.6786
392.1882,-510.87933
392.20627,-1516.9778
392.46634,-1321.9624
392.47144,-547.44006
393.008,-994.1059
393.0834,-868.91925
393.5298,-1526.5613
393.7867,-396.33737
394.17282,-869.14954
394.26556,-1517.1989
394.3787,-1015.1153
394.66403,-350.78784
394.67188,-469.81796
394.746,-1439.4672
395.0518,-807.8258
395.08508,-947.6662
395.27863,-790.2979
395.35846,-420.9018
396.06088,-961.724
396.62225,-794.3085
396.80408,-746.97723
396.88315,-816.86414
397.13733,-1536.2942
397.20056,-419.97058
397.54346,-1298.7074
397.5952,-800.6817
397.69214,-1472.4774
397.77515,-915.6859
397.9808,-448.2814
398.01923,-927.1457
398.0399,-1524.4998
398.078,-481.538
398.2306,-374.6279
398.25235,-785.705
398.27155,-367.11246
398.5781,-564.7086
398.7051,-790.50305
399.09332,-877.5485
399.18256,-446.60202
399.5111,-871.6395
399.64902,-862.9996
399.68106,-497.02866
400.58337,-1371.1498
400.64703,-890.2039
401.09512,-993.8043
401.1117,-1373.7786
401.67825,-1322.6399
401.9614,-922.38196
402.00867,-985.547
402.38486,-530.6495
402.5852,-386.76392
402.83105,-1364.134
403.11316,-817.4321
403.16855,-1362.8562
403.45724,-837.25134
403.49313,-1008.49866
403.778,-480.2903
404.1174,-1423.6995
404.18225,-870.9757
404.27237,-749.92957
404.6364,-877.9616
404.88712,-603.68854
405.04437,-623.55505
405.2974,-769.8113
405.36157,-746.3589
405.40848,-817.33044
405.57367,-1441.0299
405.76324,-861.98755
405.9662,-477.55524
406.1444,-378.71057
406.66653,-494.81873
406.8582,-714.8714
407.03442,-540.1695
407.04608,-401.79413
407.11145,-556.4842
407.13373,-843.8838
407.45273,-503.35922
407.55457,-920.91315
407.69196,-458.46375
407.94513,-1365.9059
408.02237,-725.51385
408.10086,-578.48914
408.20618,-890.3856
408.21973,-459.36923
408.5401,-482.52994
408.64838,-737.41846
408.76337,-1364.7019
408.7668,-590.185
409.39893,-1368.8442
409.74326,-735.47797
410.55615,-365.86487
410.56854,-1362.7664
410.75754,-517.9164
411.15475,-880.8681
411.49597,-597.5592
411.58298,-536.9776
411.62433,-790.4803
411.7791,-857.32404
412.5497,-895.9516
412.91397,-830.4213
413.03702,-809.9908
413.5173,-1431.666
413.7526,-395.20908
413.94604,-895.39386
414.15588,-855.5148
414.62003,-476.89294
414.75253,-377.7303
414.8631,-562.0791
414.94266,-817.74164
415.15222,-695.93665
415.2078,-1433.7838
415.39368,-1358.6012
416.16946,-473.42477
416.572,-608.26416
416.7177,-1364.001
416.80682,-766.42145
416.98337,-858.69574
417.10928,-768.34204
417.45615,-772.9961
417.46344,-432.41742
417.8332,-823.45825
417.97665,-586.3487
418.14322,-831.8452
418.19284,-778.94183
418.4464,-420.24765
418.65036,-744.28296
418.924,-435.89795
418.97687,-1442.9536
419.1926,-893.3275
419.52515,-590.4526
419.76056,-546.7644
420.14935,-538.02405
420.34195,-409.3039
420.5225,-843.8216
420.6452,-743.65924
420.72675,-443.8928
420.80133,-749.7326
421.07422,-631.265
421.38733,-766.1797
421.98514,-490.32977
422.04025,-810.86914
422.27124,-477.06073
423.01038,-642.00256
423.03534,-599.2097
423.19388,-662.6933
423.42966,-770.81744
423.89417,-738.6851
424.17447,-729.558
424.3374,-779.2029
424.49643,-402.01556
424.5124,-820.5194
425.04593,-426.17538
425.87564,-450.6556
426.14,-703.7188
426.1997,-521.29486
426.81458,-1422.6099
427.88376,-620.2416
428.1279,-556.63837
428.2993,-678.1069
428.34613,-855.06885
428.7969,-491.09827
429.25864,-388.28708
429.60803,-509.8398
429.68585,-543.1395
429.70245,-380.85382
429.87146,-781.5469
430.78662,-811.91437
431.175,-719.2215
431.3979,-810.09283
431.6432,-427.3741
432.23398,-433.39432
432.5136,-860.031
432.51428,-439.8594
432.5264,-569.0025
432.7307,-773.82074
433.0245,-793.6258
433.35266,-694.58057
433.3913,-461.16467
433.4583,-623.1542
433.62003,-755.81854
433.95972,-729.47156
434.2173,-647.5399
434.34232,-585.80615
434.5862,-550.57513
434.7076,-810.7388
434.93872,-780.0834
435.50577,-520.73456
435.57803,-584.9407
435.91702,-703.0092
436.64203,-764.0911
436.8755,-753.5909
437.58563,-675.1174
437.73083,-447.6041
437.7983,-404.42276
438.2256,-742.5185
438.29782,-441.1356
438.30902,-454.93594
438.615,-611.6672
438.7993,-734.88824
438.8044,-398.1551
438.99786,-726.71497
439.3941,-643.5175
439.53836,-777.85175
439.72897,-416.67123
440.40796,-526.1771
440.77484,-813.3866
441.01532,-397.27362
442.3322,-797.1481
442.33255,-507.82742
442.68152,-714.5775
443.45618,-578.36896
443.5968,-798.5
443.61453,-764.5754
443.93665,-588.5323
443.9927,-569.5211
444.22952,-722.4965
444.2441,-702.1756
444.37634,-687.75055
444.71555,-676.4949
444.7429,-514.67725
444.83176,-598.9642
444.98273,-805.03125
445.11047,-539.3993
446.3901,-802.1598
447.02557,-663.5215
447.10767,-691.131
447.11243,-393.2288
447.15695,-460.78488
447.23654,-577.2458
447.55783,-456.22037
447.602,-708.2084
448.19754,-738.14325
448.27536,-801.3785
448.36496,-579.3193
448.54645,-464.6216
448.72067,-439.98135
449.72894,-716.2646
449.77835,-587.47437
450.03876,-719.34564
450.7312,-723.1548
451.05487,-691.7435
451.56134,-684.1839
452.05658,-605.92444
453.08417,-728.37036
453.19977,-682.1424
453.56412,-461.6989
453.84756,-810.08075
454.66525,-630.03485
455.2795,-471.15735
456.0315,-646.71436
456.04486,-400.58807
457.09103,-717.80316
457.91623,-417.33746
459.3997,-441.96127
459.4878,-686.0272
459.52908,-666.45856
460.94632,-452.47168
461.0419,-460.13492
463.4862,-389.45227
467.96777,-440.53314
468.826,-395.05307
470.9905,-435.37912
471.99878,-451.4989
474.30792,-390.82568
474.38925,-439.0216
474.58212,-405.18726
477.92584,-447.50073
479.63962,-410.87033
481.15973,-425.3778
481.6754,-415.4429
487.63974,-424.89377
488.47,-418.82162
491.237,-419.87057
503.93268,-417.456
507.35056,-1626.6821
509.8174,-425.58203
513.45374,-1631.8405
519.05646,-1605.8563
519.8128,-1623.9825
521.884,-1620.3798
523.2852,-1646.1836
526.0388,-1632.5205
529.2148,-1640.593
529.38074,-1639.3591
530.08154,-479.46222
532.93646,-1663.4755
534.109,-482.484
538.3267,-1641.8832
544.16504,-464.93155
544.8938,-1650.7439
547.93396,-1629.1572
552.0705,-1621.4565
555.19696,-1627.2903
556.42633,-1641.3448
556.65625,-1651.3705
556.8822,-484.4084
558.3645,-475.18307
559.3037,-1602.6946
559.8191,-468.00964
559.9318,-1603.624
561.3377,-1664.2848
561.823,-481.3578
562.4202,-483.24802
563.7446,-1605.2552
564.04816,-1627.8237
565.5197,-486.51566
565.7477,-1648.1676
565.85254,-487.90616
566.08014,-1610.9657
567.0271,-487.79797
567.9661,-488.95428
568.0375,-447.4501
568.24207,-481.65082
568.29987,-1602.7755
568.54755,-1612.24
570.04504,-494.44678
570.7285,-462.0029
572.5228,-482.99905
573.9849,-475.52014
574.3154,-488.563
574.66547,-1649.7622
575.8465,-449.8469
576.0444,-484.01602
576.0745,-474.3389
576.67395,-496.52533
577.3677,-1621.849
577.4678,-474.6227
577.58203,-1640.1533
578.05945,-430.76834
578.2917,-1612.5839
578.33,-1602.7174
579.72,-483.3349
581.94653,-469.61832
582.04895,-486.23096
584.028,-470.03348
584.081,-450.0744
584.4376,-473.00696
584.56696,-443.937
585.5876,-1596.6733
585.5892,-1608.0232
587.0036,-1658.8195
587.0505,-489.6505
589.5481,-442.4984
589.59955,-443.85907
589.8935,-479.31964
591.6002,-413.87823
593.24664,-1654.6932
595.89294,-434.49927
596.83795,-434.25732
598.08795,-471.04587
598.25055,-1669.1443
601.24445,-422.42755
601.8555,-460.52338
603.10596,-402.4283
604.1257,-1639.3707
608.2383,-1653.5334
608.36566,-396.2836
609.9267,-424.5602
611.0254,-387.72855
612.3763,-1668.7883
613.49585,-396.6897
615.7819,-410.02805
615.9438,-1644.7555
616.54346,-452.88382
619.687,-440.2086
620.0677,-454.55807
620.70575,-1658.1615
621.5675,-1598.2434
622.5899,-434.18655
622.70514,-1582.3649
622.8016,-1620.0748
622.8631,-1651.9496
624.87634,-1633.5647
625.9721,-1672.8104
626.4104,-385.09467
628.0756,-458.43106
629.0325,-443.32965
629.4478,-377.1697
629.9142,-1662.0178
630.10645,-475.53845
631.57404,-401.92703
632.45624,-387.85468
632.6892,-422.98007
633.7193,-466.25046
633.75854,-429.53
636.0719,-1592.183
636.60425,-1639.9247
637.7049,-435.91473
639.4006,-400.74274
639.9743,-445.47122
640.8864,-412.30762
641.10736,-419.83188
641.5182,-1668.7339
641.7409,-1586.2339
641.7983,-1608.3608
641.9136,-463.35367
642.1863,-370.30453
642.36945,-1630.6445
643.0238,-1619.1748
643.6599,-361.2919
643.75586,-376.68896
644.52155,-1661.4717
645.0367,-1593.3103
645.41595,-1593.5642
645.60333,-421.9204
648.2032,-421.5463
648.90955,-363.73956
650.47076,-433.6951
651.2034,-389.57248
651.4098,-446.13287
651.43164,-373.49698
651.433,-455.7373
651.7026,-417.77472
651.8423,-1615.8317
651.8487,-1624.5629
652.8956,-1636.8578
654.0318,-1639.8464
654.78564,-1663.2963
655.9468,-383.28772
656.63934,-1646.2345
656.6544,-392.17142
656.7635,-396.88846
657.7152,-407.606
658.05225,-1652.4071
658.8863,-400.97586
660.3291,-420.79456
660.37946,-1647.9862
660.52246,-358.17892
660.74023,-368.81226
660.7936,-394.2421
661.56726,-428.21048
661.7968,-1636.7124
663.3962,-1638.9625
663.48517,-1658.2882
664.8367,-401.29453
664.9955,-429.69073
665.05664,-1646.3301
666.3765,-1650.4668
667.05884,-1622.337
667.2538,-398.09763
667.2965,-1673.1072
669.72614,-399.11456
669.79956,-365.40982
671.8781,-1614.2845
672.9833,-354.22098
673.11664,-1605.2424
674.12933,-413.476
675.3144,-1666.4917
675.8814,-1635.0044
676.8383,-434.11166
677.24634,-374.92923
677.6783,-447.8305
679.20526,-1635.785
680.3509,-359.51758
680.4129,-424.0509
680.89557,-362.5038
681.4984,-1605.9651
681.61554,-386.08337
681.87415,-443.48312
682.08777,-1628.4407
682.11035,-1625.146
682.87646,-389.1218
684.7554,-420.72522
686.3493,-1593.2571
686.4417,-430.31708
686.4817,-437.70013
687.4082,-1599.2445
688.6742,-1662.4011
689.7341,-1639.4882
689.77124,-371.06323
690.22754,-429.06955
690.8941,-1669.1908
691.1267,-1660.2568
691.6061,-1624.5332
691.91254,-1631.739
693.16,-361.91812
693.3459,-430.82327
693.7455,-1622.0098
694.09924,-391.49838
695.4437,-428.55807
695.55365,-399.94873
696.37146,-1664.3473
696.38745,-398.82028
696.7606,-384.23892
697.3641,-1589.2499
697.3964,-395.04993
697.74927,-429.12506
698.1885,-1675.6931
698.23737,-430.90347
698.5941,-342.0917
698.8854,-377.93387
701.19324,-410.25217
702.2849,-1626.0935
704.7532,-1667.5326
705.75464,-1685.936
706.89026,-356.8158
707.3355,-1678.1425
707.78064,-368.362
708.0738,-398.0594
708.86993,-1662.8524
715.596,-403.99985
715.8295,-383.26456
717.304,-413.4195
718.3675,-1695.1796
718.8424,-394.094
718.9688,-1679.1373
720.1911,-412.60834
720.55756,-422.32413
720.6954,-1667.227
721.7479,-1619.4741
723.56934,-1647.1982
723.68536,-1643.6028
724.3822,-402.55417
724.8392,-1631.3123
728.3573,-1673.931
728.5064,-1643.9381
729.329,-1656.8779
730.3659,-420.2516
730.993,-1664.408
731.4159,-1631.8494
733.29376,-1638.4038
735.1921,-404.1378
737.43634,-1614.7415
738.7918,-410.4199
739.66907,-1627.0918
742.8095,-1605.3634
747.016,-1655.166
748.18726,-1617.7637
755.6388,-1636.7328
762.68604,-1602.3236
764.98047,-1626.0599
768.74994,-1661.4583
768.91284,-369.16193
771.69507,-1620.5625
773.9869,-1644.8439
778.8838,-359.46442
780.0311,-1611.8014
780.28784,-1598.2141
780.60767,-369.0408
781.268,-1628.8503
782.3612,-378.95547
783.17957,-1595.6731
787.4211,-387.23648
790.3137,-1630.5109
792.11816,-369.10306
793.56006,-341.3324
795.40857,-1605.0266
796.21173,-1638.9269
796.3762,-1620.8058
797.5922,-1599.5255
798.3034,-1603.1923
798.5057,-1603.0228
799.61914,-1594.5964
801.13605,-382.35843
802.0188,-325.32422
803.0702,-313.59634
804.17834,-333.74817
804.1906,-1607.8998
804.22766,-393.62967
808.00085,-370.10974
809.9529,-1632.512
811.2554,-1650.1913
812.7105,-1609.9719
813.0963,-350.3293
813.87897,-314.9271
816.68634,-386.21262
817.0954,-332.778
817.11914,-1611.8148
818.58325,-363.56284
819.57526,-1598.5729
821.3384,-317.36636
823.50775,-1651.7516
826.63776,-1620.7256
827.2191,-1627.7478
828.6708,-1640.2094
828.9662,-345.24374
830.40356,-300.8607
830.9682,-330.2407
831.20764,-1663.4458
832.20355,-1671.6464
832.8305,-1627.6003
835.61896,-1575.2123
835.8382,-1662.8329
835.92084,-323.53482
836.3864,-1611.7695
836.6174,-328.7946
837.475,-1593.3668
837.50775,-1640.88
837.9391,-1641.9385
838.15985,-1579.1505
838.51276,-1605.2711
839.29565,-305.3144
839.325,-1620.648
839.3283,-1622.9348
839.60657,-1582.8801
839.92615,-1589.7933
841.0796,-341.846
841.3298,-359.2633
842.67,-1646.3418
842.685,-1574.4891
843.0046,-1603.3818
844.2152,-324.2
847.0698,-1591.0051
847.5307,-313.38687
848.1852,-294.62814
849.44977,-1589.5011
849.71466,-1610.3522
849.9101,-326.78943
851.1567,-1591.2568
851.41583,-1642.8163
851.5132,-1617.0206
852.1047,-312.65933
852.68243,-1655.4583
852.7509,-289.33676
852.7917,-1616.8896
852.86707,-1603.8348
853.33044,-296.8443
853.4475,-1662.4426
854.10693,-1654.9019
854.33673,-1584.9735
854.49554,-1634.4596
860.3265,-1620.7102
860.54083,-1576.9049
860.77185,-1662.6423
861.15454,-287.87268
864.50903,-1575.5005
865.4544,-1664.842
867.49316,-1661.7338
868.4966,-315.91986
869.4363,-340.26364
870.7654,-1660.4451
871.4833,-1622.1008
872.3898,-1655.2493
873.6953,-304.31573
874.3029,-1580.9583
874.6216,-1630.6908
874.6332,-328.10336
874.76056,-1657.077
874.7752,-326.51694
876.05164,-1582.7971
876.4123,-1588.5984
877.966,-1580.737
878.3658,-1635.0228
881.6177,-1620.8328
882.49176,-1600.8928
882.6402,-1590.4626
883.18823,-335.5836
883.2337,-280.72482
883.69543,-1609.288
884.1258,-335.23825
884.4583,-1591.9128
885.4756,-343.40253
885.6724,-1630.3906
886.1308,-1633.861
886.90704,-288.81873
887.13495,-306.78192
887.9797,-1633.0708
889.51794,-1598.4686
889.5711,-1612.5966
890.6026,-1619.0568
890.77905,-295.36566
890.86914,-1656.769
891.71674,-1619.1858
892.16864,-1642.4263
893.01276,-1646.3435
894.1732,-1620.1436
895.22235,-1576.567
895.9793,-330.84146
896.15405,-1636.1107
896.3965,-1631.1381
896.4628,-290.605
896.60455,-1581.3358
898.4628,-1582.7102
899.2613,-1597.369
899.6061,-309.08282
900.8187,-307.36865
900.9343,-1651.3661
901.67975,-1579.1128
902.3965,-1623.6202
903.19745,-307.32727
903.4405,-341.92438
903.54266,-342.11594
903.94775,-1667.8207
905.14825,-1629.0656
905.25397,-299.05203
906.40594,-356.99753
906.91327,-1650.9225
909.20685,-1581.5638
910.905,-1555.0536
911.0076,-1633.0228
911.5738,-342.47488
912.3929,-1560.3293
912.4224,-313.26263
913.628,-1567.6038
914.0117,-1667.2339
914.6922,-1656.6003
914.73376,-1577.5531
915.24084,-1626.1221
915.48303,-314.64297
915.5654,-1556.4674
915.67206,-1588.1149
917.0287,-1548.7477
917.9819,-354.69595
918.83734,-1622.8055
918.9492,-1568.0754
919.66144,-1616.7911
919.84467,-1624.0322
920.02673,-312.0945
920.71857,-1645.6909
921.0695,-1582.9023
921.1394,-313.7958
922.7348,-1575.2574
922.7812,-1617.7626
922.91266,-318.343
923.8004,-1654.4346
923.904,-1587.733
924.2342,-1591.5955
924.4479,-1681.0289
925.65643,-1587.218
926.81995,-300.44846
928.8085,-1582.9093
929.7176,-1635.4343
930.9378,-1573.0999
931.03156,-1607.2784
931.1839,-1586.7233
933.2198,-1673.4777
933.2225,-1605.8177
934.29004,-1605.6101
934.4163,-320.51282
936.73615,-1621.5714
937.25586,-1605.1213
939.5937,-1660.8826
939.9238,-1670.8254
940.2977,-278.54062
941.18555,-1578.4547
941.3318,-1632.5507
941.6988,-1606.499
941.8986,-1612.5725
943.879,-1626.1986
944.10876,-1677.2714
945.0209,-1576.2153
946.6857,-1635.8308
947.881,-1619.2045
949.8378,-1589.7081
950.0694,-1639.1385
950.33984,-285.22714
950.5623,-1652.3903
953.9888,-1683.4519
954.0595,-1583.744
954.3787,-1678.4595
955.757,-1620.6775
955.90735,-290.02353
957.1842,-1653.3401
957.23724,-1622.9419
958.4528,-1590.0869
958.67053,-1641.5894
960.72455,-1562.6196
961.5061,-1627.0704
961.63245,-1630.677
964.2571,-1609.6884
964.7153,-1638.6105
965.12067,-1586.5825
965.3697,-1643.012
966.4798,-1574.5383
966.7318,-1672.6244
967.63226,-1640.0675
968.3829,-1588.4315
970.3259,-1576.2623
970.3802,-288.27332
970.7051,-1563.53
971.2001,-1656.8406
972.4962,-1610.2704
975.7851,-1602.6714
976.1046,-1591.6329
976.8203,-1603.6589
976.92096,-1635.8989
978.69763,-299.88675
979.64105,-296.0631
981.9859,-1645.8174
982.2535,-1581.8434
983.6518,-1595.1947
983.87915,-1609.6135
985.40564,-1569.6595
985.5315,-291.13324
988.52594,-1643.2106
989.7839,-289.62848
990.0585,-1583.7382
991.5011,-1641.7861
993.04205,-1590.2988
995.72754,-1634.8591
996.4103,-1568.8862
996.49725,-1605.7063
997.68634,-1620.3594
999.7737,-1576.4719
